# Created by Octave 3.8.2, Tue Aug 25 11:41:46 2015 CDT <Alex@MacBook-Pro-de-Alex-2.local>
# name: A
# type: matrix
# rows: 3
# columns: 4
 1 2 3 4
 5 6 7 8
 9 10 11 12


# name: B
# type: matrix
# rows: 2
# columns: 3
 1 2 3
 4 5 6


# name: ans
# type: sq_string
# elements: 1
# length: 26
/Users/Alex/Desktop/Octave


